#input for non-centrosymmetric orthorhombic HfO2

ndtset    2

autoparal 1

#Crystal Def.
ntypat   3
natom    26
typat    4*1 4*2 18*3
znucl    57 42 8
acell 3*1

rprim
  1.31719174207527E+01  7.51608026722964E-02  1.23667633625513E-01
  8.07615175135669E-02  1.36647980169007E+01  2.13092193173669E-01
  1.47638350364521E-01  2.09361586919107E-01  1.36708026684176E+01


xred
  8.62977553438103E-01  8.52053735778880E-01  8.69809788369569E-01
  3.62986570719383E-01  6.16829828150381E-01  1.98793093751008E-01
  1.28922499559662E-01  3.47938461940450E-01  6.41248576139021E-01
  6.63223934874967E-01  1.18396665601708E-01  3.15049422502046E-01
  1.52933569827353E-01  1.80736581706973E-01  1.83563702730616E-01
  6.40105829025554E-01  3.53751527863978E-01  8.05091457682924E-01
  8.68917786080555E-01  6.78699827036096E-01  3.23208532348653E-01
  3.42172971811068E-01  8.28381688457630E-01  7.02120962278693E-01
  1.49688263756844E-01  6.79623922976882E-01  7.51670043789436E-01
  3.39695472685782E-01  2.88560202180038E-01  3.49584107500221E-01
  6.86890884650288E-01  8.16093524930207E-01  1.73187563675548E-01
  7.04668666042227E-01  1.39462209562531E-01  7.02888943944105E-01
  3.04243819954384E-02  7.13608066803234E-01  1.11917832261780E-01
  3.02303467527779E-01  9.85936877067451E-01  1.48172972068884E-01
  8.37649118260542E-01  8.41574241136695E-01  5.03529476434862E-01
  8.38406253591121E-01  5.02410420016734E-01  7.79314010575715E-01
  5.22621193480092E-01  7.70952960627781E-01  8.64805576557266E-01
  9.88730160864896E-01  1.89807186114036E-01  3.94695724021257E-01
  7.16836925142930E-01  4.83510762186928E-01  3.53941203080705E-01
  1.95912364627123E-01  3.67916942534171E-01  1.01911322449142E+00
  4.49551732417715E-01  4.52410905184448E-01  6.80101354899917E-01
  2.32087957301713E-01  4.43950513344728E-02  7.48465001177765E-01
  1.09990317819291E+00  5.80357362478755E-01  4.14344747808359E-01
  5.77666968549465E-01  3.35861984871834E-01  4.16879878338732E-02
  4.29216074263320E-01  8.30103904906232E-01  4.71855495741151E-01
 -7.56104248260099E-02  1.10596789955224E-01  1.06389274887016E+00




kptopt   1
ngfft          72      75      75
ngkpt    2 2 2
nshiftk 1
shiftk 
0.5 0.5 0.5
ecut       30
ecutsm   0.5
pawecutdg  30
pawxcdev   0
ixc      -116133
nband    104
diemac   4

nstep    100
iscf     7
tolvrs   1.0E-20
ionmov   2
optcell  2
dilatmx  1.04
tolmxf   1e-10
ntime    250



# Printing flags
prtden    1
prteig    0
prtwf     1
prtposcar 0
prtcif    1
