#input for non-centrosymmetric orthorhombic HfO2

ndtset    1

autoparal 1

#Crystal Def.
ntypat   3
natom    104
typat    16*1 16*2 72*3
znucl    57 42 8
#acell 2*14.3094  7.1547 Angstrom
nsym 1

rprim
  2.69447120338722E+01 -3.66382630393847E-01 -4.87163082637888E-01
 -3.58288033806589E-01  2.72025585875360E+01  1.98689549782354E-01
 -2.51184986667906E-01  9.04988470505517E-02  1.34973613946166E+01




kptopt   1
ngkpt    1 1 2
nshiftk 1
shiftk 
0.5 0.5 0.5

ecut       30
pawecutdg  30
pawxcdev   0
ixc      -116133
#There are 416 occupied bands
nband    420
diemac   4
ecutsm   0.5

# First SCF run       
#irdwfk1   1
nstep     100
iscf      7
tolvrs    1.0E-20
ionmov    2
optcell   2
dilatmx   1.04
tolmxf    1e-8
ntime     250
strtarget 4*0.0 -1.69946e-05 0.0

# Printing flags
prtden    1
prteig    0
prtwf     1
prtposcar 0
prtcif    0






xred  4.34063538416147E-01  4.43224062283814E-01  8.26748551908059E-01
  1.47798726028880E-01  3.02779367930499E-01  1.20792049353338E-01
  9.88935223576703E-02  1.66770357775499E-01  5.95008381562501E-01
  3.20499680077506E-01  6.50423312214844E-02  3.47074995216242E-01
  9.10121996554771E-01  4.43910523843407E-01  8.74781991846977E-01
  6.61355278316580E-01  3.46059964783747E-01  1.58884616018890E-01
  5.64633045699972E-01  2.01049627195943E-01  6.80943268050056E-01
  8.26892171504940E-01  7.93196098425846E-02  3.68117328474821E-01
  4.29194279773604E-01  9.34143274627784E-01  8.26285262747926E-01
  1.77243862201283E-01  8.30905050728994E-01  1.39259973214854E-01
  8.51136907464692E-02  6.69761922553338E-01  5.64000621607453E-01
  3.17204181741740E-01  5.76305329978907E-01  3.48202221622824E-01
  9.03007926612567E-01  9.42000603917567E-01  8.57073319411770E-01
  6.47859338885023E-01  8.15203588870480E-01  1.71673184821668E-01
  5.54510965809923E-01  6.83144387932773E-01  6.42083080756482E-01
  8.17752227279950E-01  5.76006052548595E-01  3.51441045724866E-01
  8.77335355007396E-02  6.21685818143861E-02  1.56554097369398E-01
  3.25850460869029E-01  1.76201222215202E-01  7.89310760671973E-01
  4.01022800732581E-01  3.26173777622529E-01  3.18829803872526E-01
  1.57780919043564E-01  4.02091493672938E-01  6.55063383620519E-01
  5.99190239209934E-01  9.86105009403229E-02  2.07130061901638E-01
  8.54688469615265E-01  1.80018738509710E-01  8.39511444309960E-01
  9.15080353022125E-01  3.32569794269908E-01  3.22117441314493E-01
  6.75520187582636E-01  4.26209424802462E-01  6.96853011041863E-01
  8.32972254527472E-02  5.38525911558420E-01  1.77083162077599E-01
  3.25797510486079E-01  6.63626029085153E-01  8.21173938463508E-01
  4.15275402284665E-01  8.47506832552175E-01  2.94321398995300E-01
  1.37774838882599E-01  8.94253610659181E-01  6.83100363283842E-01
  5.77877336245523E-01  5.79678743618117E-01  1.97071413041697E-01
  8.44493641649090E-01  6.81785173758407E-01  8.30634661277357E-01
  9.04188309485685E-01  8.26628547215331E-01  3.29957638874281E-01
  6.72375801368799E-01  9.31308699137899E-01  6.99848760422824E-01
  7.30377676223396E-02  3.60785342967927E-01  8.19232251598714E-01
  1.70210378174212E-01  1.53867771730491E-01  2.76398748885926E-01
  3.47559518944884E-01  3.53175563784199E-01  9.89075720380146E-02
  4.21001036491142E-01  9.88801435850844E-02  6.82956971382262E-01
  5.83359225536140E-01  3.50394476749953E-01  8.34716101363804E-01
  6.59400490286064E-01  1.51519281320244E-01  4.02448792422882E-01
  8.47396132924753E-01  4.25360967501441E-01  2.03541081188912E-01
  9.24504720947619E-01  1.49628387252565E-01  6.44584912543023E-01
  7.27080882571813E-02  8.06763087012907E-01  8.02104795119880E-01
  1.55865723134211E-01  6.41514974371395E-01  2.62520666738789E-01
  3.39918772850696E-01  9.21225835244633E-01  1.31830386006143E-01
  4.10109407066360E-01  5.90180997407167E-01  6.69188641121181E-01
  5.77091701228647E-01  8.47363063299624E-01  7.62728690928268E-01
  6.55567750962149E-01  6.58080069315346E-01  3.55957693625789E-01
  8.73331587254592E-01  9.31135005048620E-01  2.10497134317598E-01
  9.16528418139225E-01  6.46194483615250E-01  6.43863462321333E-01
  7.40600087085623E-02  1.40585415100234E-01  9.57119995591692E-01
  9.96758238726113E-01  7.18603010509549E-02  3.16476220496661E-01
  1.80692342649323E-01  9.83850804787887E-01  2.64748321363597E-01
  3.93173194481966E-01  4.24505489007248E-01  4.65373241511290E-01
  3.35118709244395E-01  2.33268766946959E-01  4.11406940021664E-01
  5.16714752620382E-01  2.81058809771654E-01  3.18691107398812E-01
  3.32580030376437E-01  1.30436008817291E-01  1.75751063750916E-02
  4.13070106536605E-01  2.71541435864500E-01  7.63723412981336E-01
  2.44474429181233E-01  9.84645908565600E-02  6.37781891646945E-01
  2.63963911212310E-01  4.41292295467734E-01  7.59882185764118E-01
  1.69317429512582E-01  3.23174263853902E-01  4.69475309984739E-01
  1.10109800000582E-01  5.02118469757740E-01  5.46699107478478E-01
  1.71895667965166E-02  4.15077248656978E-01  1.68299063725891E-01
  9.20296804858775E-01  3.70674975918290E-01  5.53622015040922E-01
  8.20198649941270E-01  2.46540828138305E-01  3.00150395685167E-01
  4.85709908406475E-01  6.01980515055473E-02  2.59298338950495E-01
  5.99583660237333E-01  1.81133763963923E-01  1.01874091732609E+00
  6.73219942923367E-01  1.00644225877142E+00  1.64234051568095E-01
  7.51828510141038E-01  3.91108972723323E-01  9.00377423433301E-01
  6.67708190218648E-01  3.48567954951606E-01  5.07057639652545E-01
  5.90000820791553E-01  5.16396976831446E-01  6.88669648261495E-01
  8.54563264696687E-01  9.04026091215778E-02  1.41885953560178E-02
  9.05106954552435E-01  2.79223938730684E-01  9.49734558283277E-01
  7.41000527804445E-01  2.04854378626568E-01  7.62935538216841E-01
  3.54451828433593E-01  5.82363470582708E-01  1.01239448739779E-02
  4.05748756549883E-01  7.61205490424526E-01  7.97717454875875E-01
  2.44196243332440E-01  6.39751895756672E-01  6.13998459489204E-01
  1.91175878215168E-01  4.69614353599515E-01  1.93745730160384E-01
  5.23563250388167E-02  5.64432811820958E-01  9.40520366571528E-01
  9.87440220801219E-01  5.79731870680319E-01  3.19766112341921E-01
  3.89973345122329E-01  9.19130355716321E-01  4.92709430410116E-01
  3.35264533322557E-01  7.50392876971342E-01  2.83957034087615E-01
  5.03422393989901E-01  8.76783522675535E-01  1.01630620272680E-01
  6.45842487310397E-02 -8.92696396502834E-03  6.39712000920103E-01
  2.39624162577094E-01  9.18677718386954E-01  8.22367004126204E-01
  1.69204191277978E-01  8.27628348612985E-01  4.86980332918895E-01
  6.82542840093869E-01  5.02178371543483E-01  2.30499888920023E-01
  4.83471608570414E-01  6.04965770152567E-01  3.44576284128095E-01
  5.78933399398292E-01  6.59930121341100E-01  1.00352058204117E+00
  8.40477116680313E-01  5.90015643484742E-01 -1.09554243247332E-03
  8.94385895551960E-01  7.78908100985925E-01  9.47538157993923E-01
  7.31223469513729E-01  7.04131066028612E-01  7.44276199170856E-01
  5.97633746236697E-01  2.88008533129137E-02  7.26281278873034E-01
  7.42618279549694E-01  8.89208637215242E-01  9.03366766565204E-01
  6.86818267753857E-01  8.88027353344781E-01  4.69104233851801E-01
  1.63654842583755E-02  7.83150823972093E-01  2.87691402721845E-01
  9.05369838793623E-01  8.50042827898414E-01  5.69694893207461E-01
  8.12933699116713E-01  7.43389175856685E-01  2.82011529087514E-01
  5.50817395881947E-02 -4.52673662849516E-02  2.59046521739510E-02
  2.21740066756001E-01  2.51750370146171E-01  8.05104594759495E-01
  1.01371255354756E+00  2.56160032514494E-01  3.13797093067437E-01
  7.79238941144252E-01  5.00663312750663E-01  6.37676604557868E-01
  2.31324118729788E-01  7.19533082278098E-01  9.30131478259636E-01
  5.19993825113316E-01  7.91950938847829E-01  3.96779888639362E-01
  5.22137012383694E-01  4.67302724427613E-01  1.16351467227363E-01
  7.88434032000529E-01  1.01254121199830E+00  6.54889895610210E-01
