#input for non-centrosymmetric orthorhombic HfO2

ndtset    1

autoparal 1

#Crystal Def.
ntypat   3
natom    104
typat    16*1 16*2 72*3
znucl    57 42 8
#acell 2*14.3094  7.1547 Angstrom
nsym 1

rprim
  2.69246106101797E+01 -6.69707992198106E-01  6.97246352666650E-02
 -6.69672652578247E-01  2.72380143401650E+01 -7.14001841510948E-02
  2.91756571173253E-02 -3.55140883746322E-02  1.35544318044949E+01




kptopt   1
ngkpt    1 1 2
nshiftk 1
shiftk 
0.5 0.5 0.5

ecut       30
pawecutdg  30
pawxcdev   0
ixc      -116133
#There are 416 occupied bands
nband    420
diemac   4
ecutsm   0.5

# First SCF run       
#irdwfk1   1
nstep     100
iscf      7
tolvrs    1.0E-20
ionmov    2
optcell   2
dilatmx   1.04
tolmxf    1e-8
ntime     250
strtarget 1.69946e-05 5*0.0

# Printing flags
prtden    1
prteig    0
prtwf     1
prtposcar 0
prtcif    0


xred  4.29205085794505E-01  4.37118504805490E-01  8.29713968274933E-01
  1.46929147159297E-01  3.02147314176065E-01  1.14422196646380E-01
  1.04605194570652E-01  1.69237200537318E-01  5.96541477490457E-01
  3.23683151114515E-01  6.00051148346571E-02  3.29867065001009E-01
  9.12099372034306E-01  4.37433905075631E-01  8.78894370156534E-01
  6.84215955158855E-01  3.37221348271076E-01  1.70125857521333E-01
  5.66753241801698E-01  2.00259972114427E-01  7.11986838096922E-01
  8.31870093080903E-01  7.63383566683104E-02  3.70579813419136E-01
  4.33515697654119E-01  9.39333110440616E-01  8.43060526836340E-01
  1.87698215817805E-01  8.26450572074542E-01  1.43763035442552E-01
  9.74751559350436E-02  6.69783164761972E-01  6.21753766020896E-01
  3.26321796799143E-01  5.69180180698224E-01  3.39642665060090E-01
  9.06410247046354E-01  9.39708245169556E-01  8.59825318784968E-01
  6.56739096554244E-01  8.15703381711456E-01  1.99391020710030E-01
  5.56746929115849E-01  6.83116010758577E-01  6.54349400743279E-01
  8.09627512488602E-01  5.72863111695357E-01  3.46167895293549E-01
  9.25808671280447E-02  6.41482069158292E-02  1.54141387669765E-01
  3.25829888896176E-01  1.71821168312404E-01  7.85254115426081E-01
  4.01529754371435E-01  3.27578811235878E-01  3.07404335485289E-01
  1.59105820519197E-01  4.01906485597707E-01  6.52753421866862E-01
  5.99175952285164E-01  9.61418681262489E-02  1.82412835293526E-01
  8.47645741882208E-01  1.67657854590866E-01  8.22914083798889E-01
  9.20115441966419E-01  3.34023902093495E-01  3.23677645435524E-01
  6.69262878904854E-01  4.25488784241698E-01  7.06432699496417E-01
  8.37584646630986E-02  5.48370971927526E-01  1.78738878111239E-01
  3.20581003527699E-01  6.64450542478186E-01  8.13186627953436E-01
  4.22970873903592E-01  8.45314425203038E-01  3.00733384543608E-01
  1.37173404818109E-01  8.98422789584541E-01  6.96928664923318E-01
  5.72920668303300E-01  5.85533170283524E-01  1.97758483542996E-01
  8.40651073535340E-01  6.74849889527160E-01  8.24997018697503E-01
  9.10274076040954E-01  8.27848479679462E-01  3.26574420859568E-01
  6.74654325769642E-01  9.33376347310883E-01  7.17175071610127E-01
  7.11682027004937E-02  3.46578922451880E-01  8.01221748563616E-01
  1.75067103779419E-01  1.54800822282159E-01  2.80116757445338E-01
  3.27878179740851E-01  3.51377375685813E-01  1.15752976637198E-01
  4.27164230023614E-01  9.64088259924771E-02  7.00002036098562E-01
  5.82954367288429E-01  3.53665485463677E-01  8.64410326365900E-01
  6.12971481699466E-01  1.51378105385355E-01  4.00476708108483E-01
  8.38848743102243E-01  4.19636216979649E-01  2.10742024807115E-01
  9.33293429430501E-01  1.42392470933100E-01  6.46951148239662E-01
  6.14637100822650E-02  8.13391958913692E-01  8.06229317280063E-01
  1.52949182517214E-01  6.49175665868713E-01  2.59790163207731E-01
  3.43670785280964E-01  9.14999629095597E-01  1.38766423030449E-01
  4.09793778943834E-01  5.89061546454099E-01  6.92614566718377E-01
  5.73862398459935E-01  8.51161766684463E-01  7.53011980447461E-01
  6.56617653937555E-01  6.59749674389762E-01  3.61005746315897E-01
  8.72565610719281E-01  9.28106602735391E-01  2.07356524917986E-01
  9.19617248989218E-01  6.45399866739141E-01  6.41003911042956E-01
  8.14210174969467E-02  1.46996877049489E-01  9.66631014176143E-01
  9.97727466827595E-01  6.98114261920499E-02  3.13686793407234E-01
  1.81523069512873E-01  9.82972984177644E-01  2.52437602524825E-01
  3.97250147941800E-01  4.20889081597050E-01  4.72055310845011E-01
  3.64794112511694E-01  2.22222476754086E-01  4.14437704223821E-01
  5.15924613947005E-01  3.09685262754456E-01  2.30572718754624E-01
  3.16246522303536E-01  1.25579082122147E-01  9.55538633004201E-03
  4.16346538187235E-01  2.68997939052037E-01  7.79188510232208E-01
  2.49908144842286E-01  9.64202343111239E-02  6.25641495991571E-01
  2.59498611874216E-01  4.44129030946142E-01  7.72577852627577E-01
  1.83828167494192E-01  3.29076527413480E-01  4.60273604302008E-01
  1.08142618646557E-01  5.01453580885828E-01  5.63402199664645E-01
  9.72797419294584E-03  4.03866824487888E-01  1.49533702339205E-01
  9.20548298275946E-01  3.79851360342040E-01  5.48637180683763E-01
  8.24100964254717E-01  2.43711972620034E-01  3.09207606613729E-01
  4.81385006074925E-01  6.01899672689952E-02  1.38015182913458E-01
  6.40509881826216E-01  1.83693728761720E-01  1.02228160042912E+00
  6.77936891261030E-01  1.00613472535021E+00  1.91241270535795E-01
  7.53353637811020E-01  3.88448915684602E-01  8.87558821686720E-01
  6.51976128011618E-01  3.46056723538595E-01  5.17224115515597E-01
  5.83962824528337E-01  5.14784774936003E-01  7.07377678708012E-01
  8.47165864078368E-01  8.68999556182299E-02  1.38316650870236E-02
  8.90714669844193E-01  2.70779860897306E-01  9.31987147541853E-01
  7.43786597520946E-01  1.94280985993060E-01  7.08964327820416E-01
  3.30444386869835E-01  5.95921742579144E-01  1.76742615189640E-02
  3.96863793221743E-01  7.65838018960706E-01  8.08143078923525E-01
  2.51927874618762E-01  6.35260124242194E-01  5.91890205785192E-01
  1.80420736044067E-01  4.71014962098909E-01  1.97738501659326E-01
  5.29672151912319E-02  5.65556598632370E-01  9.40819136703922E-01
  9.81653479359741E-01  5.67148751077873E-01  3.18009543975564E-01
  4.00051299251666E-01  9.26658235461069E-01  4.88403698010914E-01
  3.39139954443476E-01  7.48964881098706E-01  2.89222134669916E-01
  5.10899343694431E-01  8.71326763559728E-01  1.08147745431675E-01
  7.20864803305746E-02 -3.74286930461404E-03  6.39755410176218E-01
  2.39227781548435E-01  9.18400684677786E-01  8.34304908843959E-01
  1.69757289756976E-01  8.30269643675674E-01  4.99930042929667E-01
  6.65549978447760E-01  5.00164959970714E-01  2.09090432660646E-01
  4.85185625341193E-01  6.15307156051625E-01  3.71826375769735E-01
  5.83267428807419E-01  6.71221842438585E-01  1.01763925727998E+00
  8.36777913275495E-01  5.84554065922624E-01 -5.38319132894269E-03
  8.84967168397626E-01  7.75231036170819E-01  9.40118940740133E-01
  7.29784004876820E-01  6.96042938112412E-01  7.35727452521759E-01
  6.03258532961469E-01  3.08197992730584E-02  7.71733879485317E-01
  7.39843435875173E-01  8.87111851425572E-01  9.09242293059511E-01
  6.97094717180131E-01  8.93923456735224E-01  4.82863699834104E-01
  2.17243797716146E-02  7.91864237413034E-01  2.62245579653481E-01
  9.14189869427164E-01  8.56930309200320E-01  5.63419602783891E-01
  8.20526808227947E-01  7.39703012079696E-01  2.94166887838552E-01
  5.91077333376545E-02 -3.76942391954740E-02  9.08013438529327E-03
  2.26579091359111E-01  2.51940048325180E-01  7.92187221576612E-01
  1.01693927411455E+00  2.56969239927511E-01  3.33428423943029E-01
  7.69944552101608E-01  5.02753232127340E-01  6.31486897590297E-01
  2.07288732093148E-01  7.14319583774385E-01  8.83460110870092E-01
  5.23222467739967E-01  7.93814028945116E-01  4.12105911594143E-01
  4.85614440004660E-01  4.98349552665083E-01  1.12799866038155E-01
  7.93902207772669E-01  1.01700392613355E+00  6.71780412750417E-01
