#input for non-centrosymmetric orthorhombic HfO2

ndtset    1

autoparal 1

#Crystal Def.
ntypat   3
natom    104
typat    16*1 16*2 72*3
znucl    57 42 8
acell 2*14.3094  7.1547 Angstrom


#rprim
#  2.70461438551875E+01 -3.93100338710266E-01 -1.50015676053783E-02
# -3.90337021062005E-01  2.72765932982285E+01  2.54733810582832E-01
# -1.03178851594515E-02  1.26076757224557E-01  1.35755958170111E+01


nsym 1


xred   
0.42645 0.42645 0.8529 
0.17645 0.32355 0.1471 
0.07355 0.17645 0.6471 
0.32355 0.07355 0.3529 
0.92645 0.42645 0.8529 
0.67645 0.32355 0.1471 
0.57355 0.17645 0.6471 
0.82355 0.07355 0.3529 
0.42645 0.92645 0.8529 
0.17645 0.82355 0.1471 
0.07355 0.67645 0.6471 
0.32355 0.57355 0.3529 
0.92645 0.92645 0.8529 
0.67645 0.82355 0.1471 
0.57355 0.67645 0.6471 
0.82355 0.57355 0.3529 
0.08475 0.08475 0.1695 
0.33475 0.16525 0.8305 
0.41525 0.33475 0.3305 
0.16525 0.41525 0.6695 
0.58475 0.08475 0.1695 
0.83475 0.16525 0.8305 
0.91525 0.33475 0.3305 
0.66525 0.41525 0.6695 
0.08475 0.58475 0.1695 
0.33475 0.66525 0.8305 
0.41525 0.83475 0.3305 
0.16525 0.91525 0.6695 
0.58475 0.58475 0.1695 
0.83475 0.66525 0.8305 
0.91525 0.83475 0.3305 
0.66525 0.91525 0.6695 
0.09175 0.34175 0.8165 
0.15825 0.15825 0.3165 
0.34175 0.40825 0.1835 
0.40825 0.09175 0.6835 
0.59175 0.34175 0.8165 
0.65825 0.15825 0.3165 
0.84175 0.40825 0.1835 
0.90825 0.09175 0.6835 
0.09175 0.84175 0.8165 
0.15825 0.65825 0.3165 
0.34175 0.90825 0.1835 
0.40825 0.59175 0.6835 
0.59175 0.84175 0.8165 
0.65825 0.65825 0.3165 
0.84175 0.90825 0.1835 
0.90825 0.59175 0.6835 
0.0905  0.168   0.9928 
0.9964  0.0905  0.336  
0.168   0.9964  0.181  
0.4555  0.321   0.551  
0.332   0.2464  0.319  
0.5036  0.3405  0.164  
0.3405  0.082   0.0072 
0.418   0.2536  0.819  
0.2464  0.1595  0.664  
0.2536  0.4095  0.836  
0.2055  0.429   0.449  
0.082   0.5036  0.681  
0.0036  0.3405  0.164  
0.9095  0.418   0.5072 
0.832   0.2464  0.319  
0.4745  0.0445  0.142  
0.5905  0.168   0.9928 
0.668   0.9964  0.181  
0.7536  0.4095  0.836  
0.6595  0.332   0.4928 
0.582   0.5036  0.681  
0.8405  0.082   0.0072 
0.821   0.2755  0.911  
0.7464  0.1595  0.664  
0.3405  0.582   0.0072 
0.418   0.7536  0.819  
0.2464  0.6595  0.664  
0.168   0.4964  0.181  
0.0905  0.668   0.9928 
0.9745  0.5445  0.142  
0.4095  0.918   0.5072 
0.332   0.7464  0.319  
0.5036  0.8405  0.164  
0.179   0.0255  0.589  
0.2536  0.9095  0.836  
0.1595  0.832   0.4928 
0.668   0.4964  0.181  
0.4964  0.5905  0.336  
0.5905  0.668   0.9928 
0.8405  0.582   0.0072 
0.918   0.7536  0.819  
0.7245  0.7055  0.858  
0.582   0.0036  0.681  
0.7536  0.9095  0.836  
0.6595  0.832   0.4928 
0.0255  0.7945  0.358  
0.9095  0.918   0.5072 
0.832   0.7464  0.319  
0.0125  0.0125  0.025  
0.2625  0.2375  0.975  
0.9875  0.2625  0.475  
0.7375  0.4875  0.525  
0.2625  0.7375  0.975  
0.4875  0.7625  0.475  
0.5125  0.5125  0.025  
0.7375  0.9875  0.525  



kptopt   1
ngkpt    1 1 2
nshiftk 1
shiftk 
0.5 0.5 0.5

ecut       30
pawecutdg  30
pawxcdev   0
ixc      -116133
#There are 416 occupied bands
nband    420
diemac   4
ecutsm   0.5

# First SCF run       
#irdwfk1   1
nstep    100
iscf     7
tolvrs   1.0E-20
ionmov   2
optcell  0
dilatmx  1.04
tolmxf   1e-8
ntime    250

# Printing flags
prtden    1
prteig    0
prtwf     1
prtposcar 0
prtcif    0
